# unix_time, cycles_done, cur_path, paths_total, pending_total, pending_favs, map_size, unique_crashes, unique_hangs, max_depth, execs_per_sec
1698956298, 0, 0, 1, 1, 1, 13.13%, 0, 0, 1, 0.00
1698956339, 0, 0, 5, 5, 1, 13.88%, 0, 0, 2, 46.11
1698956344, 0, 0, 22, 22, 1, 14.09%, 0, 0, 2, 39.57
1698956349, 0, 0, 46, 46, 1, 15.04%, 0, 0, 2, 51.73
1698956354, 0, 0, 57, 57, 1, 15.09%, 0, 0, 2, 50.72
1698956359, 0, 0, 66, 66, 1, 15.16%, 0, 0, 2, 49.83
1698956364, 0, 0, 76, 76, 1, 15.16%, 0, 0, 2, 49.57
1698956369, 0, 0, 85, 85, 1, 15.18%, 0, 0, 2, 50.22
1698956374, 0, 0, 91, 91, 1, 15.19%, 0, 0, 2, 49.92
1698956380, 0, 0, 98, 98, 1, 15.20%, 0, 0, 2, 49.57
1698956385, 0, 0, 106, 106, 1, 15.21%, 0, 0, 2, 50.12
1698956390, 0, 0, 115, 115, 1, 15.24%, 0, 0, 2, 49.65
1698956395, 0, 0, 118, 118, 1, 15.24%, 0, 0, 2, 49.48
1698956400, 0, 0, 121, 121, 1, 15.24%, 0, 0, 2, 49.56
1698956405, 0, 0, 122, 122, 1, 15.24%, 0, 0, 2, 49.32
1698956410, 0, 0, 124, 124, 1, 15.24%, 0, 0, 2, 49.57
1698956416, 0, 0, 125, 125, 1, 15.24%, 0, 0, 2, 49.13
1698956421, 0, 0, 126, 126, 1, 15.24%, 0, 0, 2, 49.51
1698956431, 0, 0, 130, 130, 1, 15.25%, 0, 1, 2, 4.84
1698956436, 0, 0, 138, 138, 1, 15.27%, 0, 1, 2, 44.05
1698956441, 0, 0, 149, 149, 1, 15.28%, 0, 1, 2, 46.52
1698956446, 0, 0, 154, 154, 1, 15.28%, 0, 1, 2, 44.89
1698956461, 0, 0, 160, 160, 1, 15.28%, 0, 1, 2, 47.46
1698956467, 0, 0, 163, 163, 1, 15.28%, 0, 1, 2, 47.51
1698956472, 0, 0, 165, 165, 1, 15.28%, 0, 1, 2, 47.57
1698956482, 0, 0, 166, 166, 1, 15.28%, 0, 1, 2, 47.76
1698956497, 0, 0, 169, 169, 1, 15.28%, 0, 1, 2, 48.06
1698956502, 0, 0, 174, 174, 1, 15.28%, 0, 1, 2, 48.07
1698956507, 0, 0, 176, 176, 1, 15.28%, 0, 1, 2, 47.84
1698956512, 0, 0, 178, 178, 1, 15.28%, 0, 1, 2, 47.89
1698956517, 0, 0, 181, 181, 1, 15.28%, 0, 1, 2, 41.87
1698956522, 0, 0, 188, 188, 1, 15.28%, 0, 1, 2, 44.90
1698956527, 0, 0, 192, 192, 1, 15.28%, 0, 1, 2, 46.71
1698956532, 0, 0, 194, 194, 1, 15.28%, 0, 1, 2, 44.35
1698956537, 0, 0, 196, 196, 1, 15.28%, 0, 1, 2, 45.06
1698956542, 0, 0, 198, 198, 1, 15.28%, 0, 1, 2, 46.86
1698956568, 0, 0, 201, 201, 1, 15.28%, 0, 1, 2, 40.97
1698956573, 0, 0, 204, 204, 1, 15.28%, 0, 1, 2, 34.66
1698956578, 0, 0, 207, 207, 1, 15.28%, 0, 1, 2, 36.58
1698956588, 0, 0, 208, 208, 1, 15.28%, 0, 1, 2, 38.77
1698956619, 0, 0, 209, 209, 1, 15.28%, 0, 1, 2, 35.18
1698956624, 0, 0, 211, 211, 1, 15.28%, 0, 1, 2, 33.53
1698956675, 0, 0, 212, 212, 1, 15.28%, 0, 1, 2, 41.82
1698956680, 0, 0, 216, 216, 1, 15.29%, 0, 1, 2, 37.27
1698956685, 0, 0, 224, 224, 1, 15.30%, 0, 1, 2, 34.90
1698956691, 0, 0, 225, 225, 1, 15.31%, 0, 1, 2, 31.43
1698956696, 0, 0, 227, 227, 1, 15.32%, 0, 1, 2, 34.62
1698956701, 0, 0, 228, 228, 1, 15.33%, 0, 1, 2, 40.35
1698956706, 0, 0, 230, 230, 1, 15.33%, 0, 1, 2, 44.14
1698956716, 0, 0, 233, 233, 1, 15.34%, 0, 1, 2, 38.58
1698956737, 0, 0, 234, 234, 1, 15.34%, 0, 1, 2, 41.69
1698956742, 0, 0, 236, 236, 1, 15.34%, 0, 1, 2, 42.41
1698956757, 0, 0, 237, 237, 1, 15.34%, 0, 1, 2, 35.24
1698956762, 0, 0, 238, 238, 1, 15.35%, 0, 1, 2, 37.32
1698956772, 0, 0, 240, 240, 1, 15.35%, 0, 1, 2, 46.19
1698956777, 0, 0, 241, 241, 1, 15.35%, 0, 1, 2, 46.98
1698956797, 0, 0, 242, 242, 1, 15.35%, 0, 1, 2, 37.55
1698956909, 0, 0, 243, 243, 1, 15.35%, 0, 1, 2, 48.02
1698956915, 0, 0, 244, 244, 1, 15.35%, 0, 1, 2, 48.05
1698956920, 0, 0, 248, 248, 1, 15.35%, 0, 1, 2, 47.29
1698956925, 0, 0, 249, 249, 1, 15.35%, 0, 1, 2, 48.16
1698956930, 0, 0, 250, 250, 1, 15.35%, 0, 1, 2, 48.52
1698956941, 0, 0, 252, 252, 1, 15.36%, 0, 1, 2, 48.18
1698956946, 0, 0, 254, 254, 1, 15.36%, 0, 1, 2, 48.30
1698956951, 0, 0, 265, 265, 1, 15.53%, 0, 1, 2, 49.20
1698956956, 0, 0, 281, 281, 1, 16.11%, 0, 1, 2, 49.37
1698956961, 0, 0, 302, 302, 1, 16.36%, 0, 1, 2, 47.77
1698956966, 0, 0, 324, 324, 1, 16.44%, 0, 1, 2, 48.16
1698956971, 0, 0, 337, 337, 1, 16.62%, 0, 1, 2, 48.10
1698956976, 0, 0, 351, 351, 1, 16.66%, 0, 1, 2, 48.32
1698956981, 0, 0, 366, 366, 1, 18.93%, 0, 1, 2, 43.16
1698956986, 0, 0, 389, 389, 1, 21.45%, 0, 1, 2, 42.48
1698956992, 0, 0, 404, 404, 1, 21.47%, 0, 1, 2, 44.19
1698956997, 0, 0, 421, 421, 1, 21.68%, 0, 1, 2, 48.76
1698957002, 0, 0, 438, 438, 1, 22.49%, 0, 1, 2, 47.81
1698957007, 0, 0, 452, 452, 1, 22.52%, 0, 1, 2, 47.71
1698957012, 0, 0, 467, 467, 1, 22.60%, 0, 1, 2, 48.35
1698957017, 0, 0, 489, 489, 1, 22.97%, 0, 1, 2, 47.89
1698957022, 0, 0, 507, 507, 1, 23.10%, 0, 1, 2, 48.83
1698957027, 0, 0, 520, 520, 1, 23.20%, 0, 1, 2, 47.99
1698957032, 0, 0, 543, 543, 1, 23.30%, 0, 1, 2, 47.96
1698957037, 0, 0, 566, 566, 1, 23.32%, 0, 1, 2, 46.92
1698957042, 0, 0, 586, 586, 1, 23.32%, 0, 1, 2, 46.53
1698957047, 0, 0, 601, 601, 1, 23.32%, 0, 1, 2, 46.30
1698957053, 0, 0, 627, 627, 1, 23.33%, 0, 1, 2, 46.14
1698957058, 0, 0, 649, 649, 1, 23.33%, 0, 1, 2, 45.82
1698957063, 0, 0, 670, 670, 1, 23.34%, 0, 1, 2, 45.69
1698957068, 0, 0, 691, 691, 1, 23.37%, 0, 1, 2, 45.88
1698957073, 0, 0, 709, 709, 1, 23.37%, 0, 1, 2, 46.31
1698957078, 0, 0, 724, 724, 1, 23.37%, 0, 1, 2, 46.33
1698957083, 0, 0, 735, 735, 1, 23.37%, 0, 1, 2, 46.62
1698957088, 0, 0, 742, 742, 1, 23.37%, 0, 1, 2, 47.25
1698957093, 0, 0, 758, 758, 1, 23.39%, 0, 1, 2, 48.46
1698957099, 0, 0, 765, 765, 1, 23.40%, 0, 1, 2, 48.70
1698957114, 0, 0, 769, 769, 1, 23.40%, 0, 1, 2, 48.30
1698957119, 0, 0, 777, 777, 1, 23.41%, 0, 1, 2, 48.40
1698957124, 0, 0, 781, 781, 1, 23.42%, 0, 1, 2, 48.57
1698957130, 0, 0, 786, 786, 1, 23.42%, 0, 1, 2, 48.45
1698957135, 0, 0, 787, 787, 1, 23.42%, 0, 1, 2, 48.88
1698957140, 0, 0, 794, 794, 1, 23.43%, 0, 1, 2, 48.52
1698957161, 0, 0, 798, 798, 1, 23.66%, 0, 1, 2, 48.35
1698957166, 0, 0, 799, 799, 1, 23.66%, 0, 1, 2, 48.13
1698957181, 0, 0, 805, 805, 1, 23.66%, 0, 1, 2, 46.89
1698957186, 0, 0, 809, 809, 1, 23.69%, 0, 1, 2, 47.67
1698957217, 0, 0, 812, 812, 1, 23.69%, 0, 1, 2, 47.68
1698957222, 0, 0, 817, 817, 1, 23.69%, 0, 1, 2, 46.57
1698957273, 0, 0, 821, 821, 1, 23.69%, 0, 1, 2, 48.46
1698957278, 0, 0, 823, 823, 1, 23.69%, 0, 1, 2, 48.53
1698957299, 0, 0, 827, 827, 1, 23.69%, 0, 1, 2, 48.15
1698957304, 0, 0, 832, 832, 1, 23.70%, 0, 1, 2, 48.09
1698957397, 0, 0, 835, 835, 1, 23.70%, 0, 1, 2, 48.78
1698957402, 0, 0, 837, 837, 1, 23.70%, 0, 1, 2, 48.62
1698957407, 0, 0, 840, 840, 1, 23.73%, 0, 1, 2, 48.61
1698957494, 0, 0, 841, 841, 1, 23.73%, 0, 1, 2, 47.89
1698957520, 0, 0, 842, 842, 1, 23.73%, 0, 1, 2, 48.65
1698957525, 0, 0, 846, 846, 1, 23.73%, 0, 1, 2, 49.03
1698957612, 0, 0, 847, 847, 1, 23.73%, 0, 1, 2, 45.61
1698957617, 0, 0, 848, 848, 1, 23.75%, 0, 1, 2, 41.65
1698957622, 0, 0, 849, 849, 1, 23.75%, 0, 1, 2, 41.13
1698957693, 0, 0, 851, 851, 1, 23.75%, 0, 1, 2, 41.80
1698957734, 0, 0, 854, 854, 1, 23.75%, 0, 1, 2, 48.49
1698957780, 0, 0, 855, 855, 1, 23.75%, 0, 1, 2, 48.04
1698957790, 0, 0, 857, 857, 1, 23.76%, 0, 1, 2, 44.96
1698957882, 0, 0, 859, 859, 1, 23.76%, 0, 1, 2, 45.13
1698957928, 0, 0, 860, 860, 1, 23.76%, 0, 1, 2, 42.66
1698957933, 0, 0, 863, 863, 1, 23.77%, 0, 1, 2, 41.10
1698957989, 0, 0, 864, 864, 1, 23.77%, 0, 1, 2, 34.93
1698957999, 0, 0, 866, 866, 1, 23.77%, 0, 1, 2, 37.29
1698958004, 0, 0, 867, 867, 1, 23.77%, 0, 1, 2, 35.41
1698958065, 0, 0, 868, 868, 1, 23.77%, 0, 1, 2, 47.10
1698958075, 0, 0, 870, 870, 1, 23.81%, 0, 1, 2, 46.96
1698958157, 0, 0, 873, 873, 1, 23.84%, 0, 1, 2, 32.37
1698958193, 0, 0, 875, 875, 1, 23.89%, 0, 1, 2, 45.69
1698958224, 0, 0, 877, 877, 1, 23.89%, 0, 1, 2, 48.18
1698958229, 0, 0, 879, 879, 1, 23.92%, 0, 1, 2, 48.03
1698958294, 0, 0, 880, 880, 1, 23.92%, 0, 1, 2, 44.64
1698958305, 0, 0, 881, 881, 1, 23.92%, 0, 1, 2, 39.74
1698958396, 0, 0, 882, 882, 1, 23.92%, 0, 1, 2, 32.44
1698958427, 0, 0, 883, 883, 1, 23.92%, 0, 1, 2, 30.84
1698958503, 0, 0, 885, 885, 1, 23.92%, 0, 1, 2, 48.17
1698958508, 0, 0, 887, 887, 1, 23.92%, 0, 1, 2, 48.03
1698958533, 0, 0, 888, 888, 1, 23.92%, 0, 1, 2, 39.86
1698958549, 0, 0, 889, 889, 1, 23.92%, 0, 1, 2, 41.24
1698958554, 0, 0, 891, 891, 1, 23.92%, 0, 1, 2, 41.39
1698958589, 0, 0, 892, 892, 1, 23.92%, 0, 1, 2, 30.89
1698958605, 0, 0, 893, 893, 1, 23.92%, 0, 1, 2, 28.06
1698958625, 0, 0, 894, 894, 1, 23.92%, 0, 1, 2, 31.88
1698958641, 0, 0, 895, 895, 1, 23.92%, 0, 1, 2, 28.51
1698958717, 0, 0, 898, 898, 1, 23.98%, 0, 1, 2, 42.31
1698958753, 0, 0, 899, 899, 1, 23.98%, 0, 1, 2, 30.52
1698958799, 0, 0, 900, 900, 1, 23.98%, 0, 1, 2, 41.03
1698958856, 0, 0, 901, 901, 1, 23.98%, 0, 1, 2, 39.66
1698958861, 0, 0, 904, 904, 1, 24.00%, 0, 1, 2, 39.13
1698958942, 0, 0, 905, 905, 1, 24.00%, 0, 1, 2, 43.18
1698958999, 0, 0, 908, 908, 1, 24.00%, 0, 1, 2, 49.16
1698959106, 0, 0, 909, 909, 1, 24.00%, 0, 1, 2, 47.85
1698959152, 0, 0, 910, 910, 1, 24.00%, 0, 1, 2, 41.09
1698959157, 0, 0, 913, 913, 1, 24.01%, 0, 1, 2, 42.53
1698959290, 0, 0, 914, 914, 1, 24.01%, 0, 1, 2, 34.34
1698959295, 0, 0, 915, 915, 1, 24.01%, 0, 1, 2, 37.69
1698959340, 0, 0, 918, 918, 1, 24.01%, 0, 1, 2, 47.59
1698959381, 0, 0, 921, 921, 1, 24.02%, 0, 1, 2, 38.04
1698959386, 0, 0, 931, 931, 1, 24.02%, 0, 1, 2, 42.96
1698959391, 0, 0, 934, 934, 1, 24.03%, 0, 1, 2, 41.54
1698959396, 0, 0, 936, 936, 1, 24.03%, 0, 1, 2, 41.08
1698959422, 0, 0, 937, 937, 1, 24.03%, 0, 1, 2, 38.37
1698959427, 0, 0, 938, 938, 1, 24.03%, 0, 1, 2, 35.39
1698959468, 0, 0, 939, 939, 1, 24.04%, 0, 1, 2, 33.41
1698959478, 0, 0, 940, 940, 1, 24.04%, 0, 1, 2, 35.53
1698959483, 0, 0, 941, 941, 1, 24.04%, 0, 1, 2, 35.84
1698959488, 0, 0, 944, 944, 1, 24.05%, 0, 1, 2, 39.38
1698959585, 0, 0, 945, 945, 1, 24.05%, 0, 1, 2, 41.41
1698959739, 0, 0, 948, 948, 1, 24.05%, 0, 1, 2, 37.48
1698959744, 0, 0, 949, 949, 1, 24.05%, 0, 1, 2, 38.04
1698959765, 0, 0, 951, 951, 1, 24.05%, 0, 1, 2, 40.89
1698959770, 0, 0, 954, 954, 1, 24.05%, 0, 1, 2, 41.36
1698959785, 0, 0, 956, 956, 1, 24.05%, 0, 1, 2, 30.32
1698959790, 0, 0, 958, 958, 1, 24.05%, 0, 1, 2, 33.05
1698959816, 0, 0, 959, 959, 1, 24.05%, 0, 1, 2, 37.49
1698960051, 0, 0, 960, 960, 1, 24.05%, 0, 1, 2, 30.86
1698960056, 0, 0, 961, 961, 1, 24.06%, 0, 1, 2, 30.86
1698960062, 0, 0, 963, 963, 1, 24.75%, 0, 1, 2, 33.11
1698960067, 0, 0, 972, 972, 1, 24.78%, 0, 1, 2, 35.58
1698960072, 0, 0, 976, 976, 1, 24.78%, 0, 1, 2, 32.08
1698960077, 0, 0, 980, 980, 1, 24.79%, 0, 1, 2, 38.15
1698960082, 0, 0, 986, 986, 1, 25.36%, 0, 1, 2, 36.58
1698960087, 0, 0, 1003, 1003, 1, 25.72%, 0, 1, 2, 34.68
1698960092, 0, 0, 1010, 1010, 1, 25.92%, 0, 1, 2, 37.88
1698960097, 0, 0, 1014, 1014, 1, 25.92%, 0, 1, 2, 33.39
1698960102, 0, 0, 1022, 1022, 1, 26.01%, 0, 1, 2, 33.33
1698960108, 0, 0, 1032, 1032, 1, 26.09%, 0, 1, 2, 34.55
1698960113, 0, 0, 1035, 1035, 1, 26.10%, 0, 1, 2, 33.22
1698960118, 0, 0, 1046, 1046, 1, 26.13%, 0, 1, 2, 33.41
1698960123, 0, 0, 1048, 1048, 1, 26.13%, 0, 1, 2, 34.19
1698960128, 0, 0, 1054, 1054, 1, 26.16%, 0, 1, 2, 35.04
1698960133, 0, 0, 1058, 1058, 1, 26.16%, 0, 1, 2, 33.26
1698960138, 0, 0, 1066, 1066, 1, 26.16%, 0, 1, 2, 32.87
1698960143, 0, 0, 1072, 1072, 1, 26.17%, 0, 1, 2, 34.25
1698960148, 0, 0, 1078, 1078, 1, 26.17%, 0, 1, 2, 34.01
1698960153, 0, 0, 1083, 1083, 1, 26.17%, 0, 1, 2, 34.90
1698960159, 0, 0, 1092, 1092, 1, 26.17%, 0, 1, 2, 31.65
1698960164, 0, 0, 1093, 1093, 1, 26.17%, 0, 1, 2, 28.58
1698960169, 0, 0, 1095, 1095, 1, 26.19%, 0, 1, 2, 30.46
1698960174, 0, 0, 1099, 1099, 1, 26.21%, 0, 1, 2, 34.90
1698960200, 0, 0, 1102, 1102, 1, 26.21%, 0, 1, 2, 36.19
1698960205, 0, 0, 1106, 1106, 1, 26.21%, 0, 1, 2, 39.55
1698960210, 0, 0, 1107, 1107, 1, 26.21%, 0, 1, 2, 41.20
1698960215, 0, 0, 1108, 1108, 1, 26.21%, 0, 1, 2, 37.34
1698960220, 0, 0, 1109, 1109, 1, 26.21%, 0, 1, 2, 38.98
1698960225, 0, 0, 1110, 1110, 1, 26.21%, 0, 1, 2, 33.91
1698960230, 0, 0, 1112, 1112, 1, 26.21%, 0, 1, 2, 32.40
1698960261, 0, 0, 1114, 1114, 1, 26.34%, 0, 1, 2, 34.96
1698960282, 0, 0, 1116, 1116, 1, 26.34%, 0, 1, 2, 37.89
1698960287, 0, 0, 1117, 1117, 1, 26.34%, 0, 1, 2, 37.79
1698960292, 0, 0, 1119, 1119, 1, 26.35%, 0, 1, 2, 32.70
1698960344, 0, 0, 1121, 1121, 1, 26.35%, 0, 1, 2, 33.08
1698960415, 0, 0, 1122, 1122, 1, 26.35%, 0, 1, 2, 38.04
1698960451, 0, 0, 1124, 1124, 1, 26.35%, 0, 1, 2, 29.86
1698960564, 0, 0, 1126, 1126, 1, 26.35%, 0, 1, 2, 48.59
1698960574, 0, 0, 1128, 1128, 1, 26.36%, 0, 1, 2, 48.90
1698960651, 0, 0, 1129, 1129, 1, 26.36%, 0, 1, 2, 48.57
1698960682, 0, 0, 1130, 1130, 1, 26.36%, 0, 1, 2, 48.92
1698960774, 0, 0, 1132, 1132, 1, 26.36%, 0, 1, 2, 39.83
1698960861, 0, 0, 1133, 1133, 1, 26.36%, 0, 1, 2, 44.71
1698960902, 0, 0, 1135, 1135, 1, 26.36%, 0, 1, 2, 37.32
1698960963, 0, 0, 1136, 1136, 1, 26.36%, 0, 1, 2, 40.70
1698960973, 0, 0, 1139, 1139, 1, 26.36%, 0, 1, 2, 38.60
1698961070, 0, 0, 1140, 1140, 1, 26.36%, 0, 1, 2, 43.56
1698961110, 0, 0, 1141, 1141, 1, 26.36%, 0, 1, 2, 45.48
1698961126, 0, 0, 1142, 1142, 1, 26.36%, 0, 1, 2, 46.82
1698961177, 0, 0, 1143, 1143, 1, 26.36%, 0, 1, 2, 37.88
1698961192, 0, 0, 1145, 1145, 1, 26.36%, 0, 1, 2, 34.73
1698961264, 0, 0, 1147, 1147, 1, 26.36%, 0, 1, 2, 40.23
1698961325, 0, 0, 1148, 1148, 1, 26.36%, 0, 1, 2, 41.18
1698961345, 0, 0, 1149, 1149, 1, 26.36%, 0, 1, 2, 40.25
1698961381, 0, 0, 1150, 1150, 1, 26.36%, 0, 1, 2, 39.48
1698961422, 0, 0, 1151, 1151, 1, 26.36%, 0, 1, 2, 37.58
1698961499, 0, 0, 1152, 1152, 1, 26.36%, 0, 1, 2, 47.37
1698961591, 0, 0, 1153, 1153, 1, 26.36%, 0, 1, 2, 39.61
1698961616, 0, 0, 1154, 1154, 1, 26.36%, 0, 1, 2, 36.95
1698961636, 0, 0, 1155, 1155, 1, 26.36%, 0, 1, 2, 33.92
1698961708, 0, 0, 1156, 1156, 1, 26.36%, 0, 1, 2, 36.08
1698961795, 0, 0, 1157, 1157, 1, 26.36%, 0, 1, 2, 40.51
1698961811, 0, 0, 1158, 1158, 1, 26.36%, 0, 1, 2, 31.56
1698961973, 0, 0, 1159, 1159, 1, 26.36%, 0, 1, 2, 47.77
1698962014, 0, 0, 1161, 1161, 1, 26.36%, 0, 1, 2, 48.69
1698962086, 0, 0, 1162, 1162, 1, 26.36%, 0, 1, 2, 47.56
1698962147, 0, 0, 1165, 1165, 1, 26.36%, 0, 1, 2, 36.13
1698962275, 0, 0, 1166, 1166, 1, 26.37%, 0, 1, 2, 40.62
1698962321, 0, 0, 1168, 1168, 1, 26.37%, 0, 1, 2, 40.29
1698962572, 0, 0, 1172, 1172, 1, 26.37%, 0, 1, 2, 36.76
1698962577, 0, 0, 1184, 1184, 1, 26.39%, 0, 1, 2, 45.36
1698962582, 0, 0, 1185, 1185, 1, 26.39%, 0, 1, 2, 37.15
1698962598, 0, 0, 1186, 1186, 1, 26.39%, 0, 1, 2, 38.57
1698962613, 0, 0, 1187, 1187, 1, 26.39%, 0, 1, 2, 32.66
1698962618, 0, 0, 1189, 1189, 1, 26.39%, 0, 1, 2, 33.52
1698962628, 0, 0, 1194, 1194, 1, 26.39%, 0, 1, 2, 36.50
1698962649, 0, 0, 1195, 1195, 1, 26.39%, 0, 1, 2, 36.53
1698962680, 0, 0, 1196, 1196, 1, 26.39%, 0, 1, 2, 47.98
1698962685, 0, 0, 1197, 1197, 1, 26.39%, 0, 1, 2, 48.44
1698962690, 0, 0, 1198, 1198, 1, 26.39%, 0, 1, 2, 48.50
1698962880, 0, 0, 1199, 1199, 1, 26.39%, 0, 1, 2, 49.79
1698962885, 0, 0, 1201, 1201, 1, 26.40%, 0, 1, 2, 48.15
1698962905, 0, 0, 1202, 1202, 1, 26.40%, 0, 1, 2, 48.48
1698962926, 0, 0, 1203, 1203, 1, 26.40%, 0, 1, 2, 49.76
1698962946, 0, 0, 1204, 1204, 1, 26.40%, 0, 1, 2, 49.51
1698963120, 0, 0, 1208, 1208, 1, 26.66%, 0, 1, 2, 51.22
1698963126, 0, 0, 1222, 1222, 1, 26.68%, 0, 1, 2, 49.34
1698963131, 0, 0, 1228, 1228, 1, 26.68%, 0, 1, 2, 49.27
1698963136, 0, 0, 1232, 1232, 1, 26.68%, 0, 1, 2, 49.23
1698963141, 0, 0, 1254, 1254, 1, 26.87%, 0, 1, 2, 43.62
1698963146, 0, 0, 1257, 1257, 1, 26.88%, 0, 1, 2, 46.60
1698963151, 0, 0, 1265, 1265, 1, 26.92%, 0, 1, 2, 47.99
1698963156, 0, 0, 1270, 1270, 1, 26.96%, 0, 1, 2, 48.43
1698963161, 0, 0, 1275, 1275, 1, 26.97%, 0, 1, 2, 49.33
1698963166, 0, 0, 1278, 1278, 1, 27.03%, 0, 1, 2, 48.10
1698963171, 0, 0, 1283, 1283, 1, 27.03%, 0, 1, 2, 47.18
1698963176, 0, 0, 1290, 1290, 1, 27.03%, 0, 1, 2, 46.72
1698963181, 0, 0, 1295, 1295, 1, 27.03%, 0, 1, 2, 47.03
1698963192, 0, 0, 1299, 1299, 1, 27.05%, 0, 1, 2, 48.33
1698963197, 0, 0, 1300, 1300, 1, 27.07%, 0, 1, 2, 48.99
1698963217, 0, 0, 1304, 1304, 1, 27.07%, 0, 1, 2, 49.19
1698963233, 0, 0, 1307, 1307, 1, 27.07%, 0, 1, 2, 48.93
1698963279, 0, 0, 1308, 1308, 1, 27.07%, 0, 1, 2, 49.39
1698963310, 0, 0, 1309, 1309, 1, 27.07%, 0, 1, 2, 48.69
1698963361, 0, 0, 1311, 1311, 1, 27.08%, 0, 1, 2, 49.16
1698963382, 0, 0, 1312, 1312, 1, 27.08%, 0, 1, 2, 48.94
1698963742, 0, 0, 1313, 1313, 1, 27.08%, 0, 1, 2, 49.31
1698963783, 0, 0, 1314, 1314, 1, 27.08%, 0, 1, 2, 49.06
1698964015, 0, 0, 1316, 1316, 1, 27.08%, 0, 1, 2, 48.64
1698964076, 0, 0, 1318, 1318, 1, 27.08%, 0, 1, 2, 48.01
1698964215, 0, 0, 1319, 1319, 1, 27.08%, 0, 1, 2, 49.07
1698964545, 0, 0, 1320, 1320, 1, 27.09%, 0, 1, 2, 49.25
1698964663, 0, 0, 1321, 1321, 1, 27.09%, 0, 1, 2, 48.64
1698964781, 0, 0, 1323, 1323, 1, 27.17%, 0, 1, 2, 49.13
1698965095, 0, 0, 1324, 1324, 1, 27.18%, 0, 1, 2, 48.30
1698965136, 0, 0, 1325, 1325, 1, 27.18%, 0, 1, 2, 49.07
1698965177, 0, 0, 1327, 1327, 1, 27.18%, 0, 1, 2, 47.44
1698965182, 0, 0, 1328, 1328, 1, 27.18%, 0, 1, 2, 48.62
1698965244, 0, 0, 1337, 1337, 1, 27.19%, 0, 1, 2, 48.99
1698965249, 0, 0, 1339, 1339, 1, 27.19%, 0, 1, 2, 48.56
1698965496, 0, 0, 1342, 1342, 1, 27.20%, 0, 1, 2, 46.59
1698965501, 0, 0, 1347, 1347, 1, 27.20%, 0, 1, 2, 48.69
1698965521, 0, 0, 1348, 1348, 1, 27.20%, 0, 1, 2, 49.58
1698965541, 0, 0, 1350, 1350, 1, 27.20%, 0, 1, 2, 49.61
1698965557, 0, 0, 1351, 1351, 1, 27.20%, 0, 1, 2, 49.63
1698965562, 0, 0, 1357, 1357, 1, 27.27%, 0, 1, 2, 48.84
1698965567, 0, 0, 1361, 1361, 1, 27.27%, 0, 1, 2, 48.27
1698965572, 0, 0, 1362, 1362, 1, 27.27%, 0, 1, 2, 48.96
1698965577, 0, 0, 1363, 1363, 1, 27.27%, 0, 1, 2, 46.49
1698965598, 0, 0, 1364, 1364, 1, 27.27%, 0, 1, 2, 49.38
1698965613, 0, 0, 1370, 1370, 1, 27.28%, 0, 1, 2, 44.36
1698965618, 0, 0, 1375, 1375, 1, 27.30%, 0, 1, 2, 49.36
1698965623, 0, 0, 1376, 1376, 1, 27.30%, 0, 1, 2, 49.13
1698965679, 0, 0, 1383, 1383, 1, 27.32%, 0, 1, 2, 49.20
1698965684, 0, 0, 1386, 1386, 1, 27.32%, 0, 1, 2, 40.41
1698965689, 0, 0, 1388, 1388, 1, 27.32%, 0, 1, 2, 46.63
1698965694, 0, 0, 1393, 1393, 1, 27.32%, 0, 1, 2, 48.66
1698965700, 0, 0, 1395, 1395, 1, 27.32%, 0, 1, 2, 49.14
1698965705, 0, 0, 1396, 1396, 1, 27.32%, 0, 1, 2, 49.14
1698965710, 0, 0, 1397, 1397, 1, 27.32%, 0, 1, 2, 48.88
1698965720, 0, 0, 1399, 1399, 1, 27.32%, 0, 1, 2, 48.60
1698965725, 0, 0, 1403, 1403, 1, 27.32%, 0, 1, 2, 49.13
1698965730, 0, 0, 1404, 1404, 1, 27.32%, 0, 1, 2, 49.15
1698965736, 0, 0, 1409, 1409, 1, 27.36%, 0, 1, 2, 44.63
1698965741, 0, 0, 1422, 1422, 1, 27.66%, 0, 1, 2, 37.47
1698965746, 0, 0, 1427, 1427, 1, 27.67%, 0, 1, 2, 36.44
1698965751, 0, 0, 1430, 1430, 1, 27.67%, 0, 1, 2, 38.59
1698965756, 0, 0, 1438, 1438, 1, 27.74%, 0, 1, 2, 51.04
1698965761, 0, 0, 1441, 1441, 1, 27.85%, 0, 1, 2, 59.82
1698965792, 0, 0, 1442, 1442, 1, 27.85%, 0, 1, 2, 50.09
1698965802, 0, 0, 1443, 1443, 1, 27.93%, 0, 1, 2, 49.84
1698965941, 0, 0, 1447, 1447, 1, 27.93%, 0, 1, 2, 49.53
1698965946, 0, 0, 1448, 1448, 1, 27.93%, 0, 1, 2, 49.01
1698966135, 0, 0, 1449, 1449, 1, 27.93%, 0, 1, 2, 49.91
1698966181, 0, 0, 1450, 1450, 1, 27.93%, 0, 1, 2, 50.79
1698966216, 0, 0, 1451, 1451, 1, 27.93%, 0, 1, 2, 50.31
1698966349, 0, 0, 1452, 1452, 1, 27.93%, 0, 1, 2, 50.55
1698966395, 0, 0, 1455, 1455, 1, 27.94%, 0, 1, 2, 49.83
1698966573, 0, 0, 1456, 1456, 1, 27.94%, 0, 1, 2, 49.71
